{
  "features": [
    "MASK",
    "DEM",
    "slope",
    "aspect_sin",
    "aspect_cos",
    "profile_curvature",
    "area_drainage",
    "ls",
    "spi",
    "twi",
    "distance_to_drainage",
    "lithology_class",
    "B05_mean",
    "B05_integral",
    "B05_tv",
    "B05_trend",
    "B06_mean",
    "B06_integral",
    "B06_tv",
    "B06_trend",
    "B07_mean",
    "B07_integral",
    "B07_tv",
    "B07_trend",
    "B11_mean",
    "B11_integral",
    "B11_tv",
    "B11_trend",
    "B12_mean",
    "B12_integral",
    "B12_tv",
    "B12_trend",
    "NDVI_mean",
    "NDVI_integral",
    "NDVI_tv",
    "NDVI_trend",
    "NBR_mean",
    "NBR_integral",
    "NBR_tv",
    "NBR_trend",
    "prec7_mean",
    "prec7_integral",
    "prec7_tv",
    "prec7_trend",
    "prec20_mean",
    "prec20_integral",
    "prec20_tv",
    "prec20_trend",
    "max2d_7_mean",
    "max2d_7_integral",
    "max2d_7_tv",
    "max2d_7_trend"
  ],
  "correlation_matrix": [
    [
      1.0,
      -0.014415167272090912,
      0.02391287125647068,
      -0.0016178734367713332,
      -0.007016461342573166,
      0.0008316062157973647,
      0.0005880497046746314,
      0.012897484004497528,
      0.0027927577029913664,
      -0.009534553624689579,
      -0.013267728500068188,
      0.026005368679761887,
      -0.01622794009745121,
      -0.006564933340996504,
      -0.003659844631329179,
      0.013484875671565533,
      -0.007219219580292702,
      0.0004604131681844592,
      0.0199442058801651,
      0.007728872820734978,
      -0.005660760682076216,
      0.002058630343526602,
      0.024143142625689507,
      0.003986686002463102,
      0.006815895903855562,
      0.02055167779326439,
      0.00807714182883501,
      0.012863109819591045,
      -0.0034654668997973204,
      0.00974030327051878,
      0.002124959137290716,
      0.012074892409145832,
      0.019031470641493797,
      0.031911130994558334,
      0.012363934889435768,
      -0.013493938371539116,
      -7.268746412592009e-05,
      0.0028424246702343225,
      0.02471294067800045,
      -0.0011541955173015594,
      0.02887190692126751,
      0.047241341322660446,
      0.03665050491690636,
      0.023372292518615723,
      0.018844017758965492,
      0.023455647751688957,
      0.05145437270402908,
      0.05634061247110367,
      0.018854591995477676,
      0.03913714364171028,
      0.02928936667740345,
      0.019001809880137444
    ],
    [
      -0.014415167272090912,
      1.0,
      0.30739083886146545,
      0.006169792730361223,
      -0.05334218963980675,
      0.008438004180788994,
      -0.008363711647689342,
      0.037929221987724304,
      -0.010654354467988014,
      -0.22897431254386902,
      0.23298279941082,
      -0.17765341699123383,
      0.04330984503030777,
      0.09657829999923706,
      0.1331949084997177,
      0.13333652913570404,
      -0.04241066053509712,
      -0.01200635265558958,
      -0.02563486620783806,
      -0.29247164726257324,
      -0.041151829063892365,
      -0.015519141219556332,
      -0.08194760978221893,
      -0.3443543612957001,
      -0.1854424774646759,
      -0.1780129075050354,
      0.043229855597019196,
      0.19045744836330414,
      -0.28604286909103394,
      -0.269336462020874,
      -0.0563054159283638,
      0.27828317880630493,
      0.06407921016216278,
      0.009974644519388676,
      0.18349488079547882,
      -0.44593262672424316,
      0.24824228882789612,
      0.24907264113426208,
      0.034230876713991165,
      -0.44242027401924133,
      -0.5486223697662354,
      -0.44568946957588196,
      -0.5121064186096191,
      -0.13380549848079681,
      -0.6453837752342224,
      -0.5960599780082703,
      -0.2144395411014557,
      -0.19756710529327393,
      -0.540265679359436,
      -0.5000432133674622,
      -0.5328440070152283,
      0.044601693749427795
    ],
    [
      0.02391287125647068,
      0.30739083886146545,
      1.0,
      -0.00942873116582632,
      -0.21096467971801758,
      -0.002535812323912978,
      -0.003929150756448507,
      0.2390163093805313,
      0.011227168142795563,
      -0.5513440370559692,
      0.04602951556444168,
      0.09230148792266846,
      -0.0955967828631401,
      -0.054122425615787506,
      0.019350461661815643,
      0.05557558313012123,
      -0.08656545728445053,
      -0.05592906475067139,
      0.05409356579184532,
      -0.14511680603027344,
      -0.07937590777873993,
      -0.04842850938439369,
      0.04560597613453865,
      -0.1804676055908203,
      -0.0944218635559082,
      -0.046997711062431335,
      0.022082706913352013,
      0.11344325542449951,
      -0.16143503785133362,
      -0.11243252456188202,
      -0.02251018024981022,
      0.1529344916343689,
      0.13012723624706268,
      0.13342368602752686,
      0.0827418863773346,
      -0.22830066084861755,
      0.10356242209672928,
      0.09986467659473419,
      0.10154178738594055,
      -0.23464374244213104,
      -0.1385452002286911,
      -0.08219218999147415,
      -0.12534473836421967,
      0.04228132218122482,
      -0.16911421716213226,
      -0.14588862657546997,
      0.08577782660722733,
      0.055583760142326355,
      -0.1692773997783661,
      -0.11872667074203491,
      -0.16024546325206757,
      0.09006829559803009
    ],
    [
      -0.0016178734367713332,
      0.006169792730361223,
      -0.00942873116582632,
      1.0,
      -0.006060496903955936,
      6.386375753208995e-05,
      -0.0003158827603328973,
      -0.0028296036180108786,
      -0.00035519758239388466,
      0.008651090785861015,
      0.014276920817792416,
      -0.003485298715531826,
      -0.02632545493543148,
      -0.03635912761092186,
      -0.035174813121557236,
      -0.01624789834022522,
      -0.02927113138139248,
      -0.03578297048807144,
      -0.053749214857816696,
      -0.006286142393946648,
      -0.03051982820034027,
      -0.03653635084629059,
      -0.05779367685317993,
      -0.0028404288459569216,
      -0.017937934026122093,
      -0.027381693944334984,
      -0.0481206513941288,
      0.0008586148032918572,
      -0.009732280857861042,
      -0.020575767382979393,
      -0.03349152207374573,
      0.00018149142852053046,
      -0.008363588713109493,
      -0.01841321960091591,
      -0.044084567576646805,
      0.013257627375423908,
      -0.005446242168545723,
      -0.010211830958724022,
      -0.02389998733997345,
      -0.007478795479983091,
      -0.04072410240769386,
      -0.053301818668842316,
      -0.055511876940727234,
      -0.007734880317002535,
      -0.012313418090343475,
      -0.015771107748150826,
      -0.055108580738306046,
      -0.05217118561267853,
      -0.037108637392520905,
      -0.04816141352057457,
      -0.053457874804735184,
      -0.006083207204937935
    ],
    [
      -0.007016461342573166,
      -0.05334218963980675,
      -0.21096467971801758,
      -0.006060496903955936,
      1.0,
      0.0022823382169008255,
      0.0014022665563970804,
      -0.047743648290634155,
      -0.0033140925224870443,
      0.35113126039505005,
      -0.019489796832203865,
      -0.031821999698877335,
      0.037416230887174606,
      0.018610499799251556,
      0.03499487042427063,
      -0.004056934267282486,
      0.029017960652709007,
      0.009561257436871529,
      0.02911580726504326,
      0.04423925280570984,
      0.02904502861201763,
      0.008174125105142593,
      0.029780276119709015,
      0.05281979963183403,
      0.005748164840042591,
      -0.020684529095888138,
      0.03905831277370453,
      -0.018653417006134987,
      0.023717248812317848,
      0.00036572085809893906,
      0.034419335424900055,
      -0.031208576634526253,
      -0.025887297466397285,
      -0.0384552963078022,
      0.0066271135583519936,
      0.04389141872525215,
      -0.007285937201231718,
      -0.013621581718325615,
      -0.017006024718284607,
      0.05348082259297371,
      0.023061366751790047,
      -0.00855387281626463,
      0.01845751330256462,
      -0.029954638332128525,
      0.027807332575321198,
      0.010270994156599045,
      -0.05135092884302139,
      -0.04177243262529373,
      0.03736891970038414,
      0.006993693765252829,
      0.03426854684948921,
      -0.03405506908893585
    ],
    [
      0.0008316062157973647,
      0.008438004180788994,
      -0.002535812323912978,
      6.386375753208995e-05,
      0.0022823382169008255,
      1.0,
      -9.233927994500846e-05,
      -0.003921882249414921,
      -0.000595621473621577,
      0.0012924672337248921,
      0.009774710983037949,
      0.002298998413607478,
      0.0008726938394829631,
      0.0010571873281151056,
      3.217936318833381e-05,
      0.00039589530206285417,
      0.0003969742974732071,
      0.0005414984188973904,
      -0.0006653481395915151,
      -0.001197667676024139,
      0.00036884096334688365,
      0.0004925046814605594,
      -0.0009361613192595541,
      -0.0013939222553744912,
      -0.0004947101697325706,
      -0.0005206026835367084,
      -0.0011290397960692644,
      0.0006753079942427576,
      -0.0016303081065416336,
      -0.0015445944154635072,
      -0.0012730784947052598,
      0.0010729891946539283,
      0.00011591467045946047,
      -0.0002454062341712415,
      0.0011189674260094762,
      -0.0017404768150299788,
      0.002328108064830303,
      0.002365365857258439,
      0.0006746285944245756,
      -0.0021062756422907114,
      -6.052623939467594e-05,
      -6.1012295191176236e-05,
      -0.0004085168766323477,
      0.00030757105560041964,
      -0.0010520588839426637,
      -0.0012864655582234263,
      0.0005110084312036633,
      0.0005911150365136564,
      -6.831420614616945e-05,
      -0.00022316987451631576,
      -0.000182923351530917,
      0.0010357870487496257
    ],
    [
      0.0005880497046746314,
      -0.008363711647689342,
      -0.003929150756448507,
      -0.0003158827603328973,
      0.0014022665563970804,
      -9.233927994500846e-05,
      1.0,
      0.12733659148216248,
      0.5498664379119873,
      0.02884439006447792,
      -0.010415729135274887,
      -0.0022147009149193764,
      -0.0020917223300784826,
      -0.0026668233331292868,
      -0.002160537289455533,
      -0.003372679930180311,
      -0.0014664194313809276,
      -0.002247823867946863,
      -0.0010190841276198626,
      0.006918647792190313,
      -0.0011646223720163107,
      -0.0022514446172863245,
      5.914890789426863e-05,
      0.009329822845757008,
      -0.002042490290477872,
      -0.00262201065197587,
      -0.001251807319931686,
      -0.005803260486572981,
      -0.00024685452808625996,
      -0.001142985071055591,
      -0.0006130221299827099,
      -0.007344427052885294,
      -0.0013188362354412675,
      -0.0014626294141635299,
      -0.0005303476355038583,
      0.010425169952213764,
      -0.001922097522765398,
      -0.0023644811008125544,
      0.000473011692520231,
      0.011250358074903488,
      0.006656162440776825,
      0.006093240343034267,
      0.007449316792190075,
      -0.0017557544633746147,
      0.00599009171128273,
      0.005089481361210346,
      -0.0015263567911460996,
      -0.0013704233570024371,
      0.006380610167980194,
      0.006035937927663326,
      0.006925348192453384,
      -0.003938380628824234
    ],
    [
      0.012897484004497528,
      0.037929221987724304,
      0.2390163093805313,
      -0.0028296036180108786,
      -0.047743648290634155,
      -0.003921882249414921,
      0.12733659148216248,
      1.0,
      0.5099245309829712,
      0.064395971596241,
      -0.08580425381660461,
      0.020159199833869934,
      -0.035455480217933655,
      -0.02504732832312584,
      0.0038173729553818703,
      0.01688694953918457,
      -0.03192133828997612,
      -0.024744538590312004,
      0.01906706392765045,
      -0.023371011018753052,
      -0.03023708425462246,
      -0.02309499867260456,
      0.01890253648161888,
      -0.03129733353853226,
      -0.031765080988407135,
      -0.019143998622894287,
      0.014537790790200233,
      0.024560537189245224,
      -0.04307885468006134,
      -0.03085738606750965,
      -0.0009895804105326533,
      0.03187005594372749,
      0.03376348316669464,
      0.03844732046127319,
      0.021695340052247047,
      -0.04911062866449356,
      0.011205247603356838,
      0.009456345811486244,
      0.031803905963897705,
      -0.04031016677618027,
      -0.026091130450367928,
      -0.007939302362501621,
      -0.019903697073459625,
      0.008582549169659615,
      -0.0370025560259819,
      -0.029541920870542526,
      0.02565338835120201,
      0.020002907142043114,
      -0.034429337829351425,
      -0.018356330692768097,
      -0.02916540391743183,
      0.01890818029642105
    ],
    [
      0.0027927577029913664,
      -0.010654354467988014,
      0.011227168142795563,
      -0.00035519758239388466,
      -0.0033140925224870443,
      -0.000595621473621577,
      0.5498664379119873,
      0.5099245309829712,
      1.0,
      0.03498312458395958,
      -0.019640015438199043,
      0.0010172061156481504,
      -0.004037415608763695,
      -0.0036747423000633717,
      -0.0012174261501058936,
      0.0008789096027612686,
      -0.005548552144318819,
      -0.0050594680942595005,
      0.0009291757014580071,
      0.004226174671202898,
      -0.005544186104089022,
      -0.005145566072314978,
      0.0015834273071959615,
      0.004869328811764717,
      -0.0031529399566352367,
      -0.0020114039070904255,
      0.0016421262407675385,
      -0.00045199328451417387,
      -0.0008910430478863418,
      -0.00022365071345120668,
      0.0010477722389623523,
      -0.0013186067808419466,
      -0.0014227936044335365,
      0.0001894152956083417,
      -2.883306660805829e-05,
      0.002596586011350155,
      -0.0057318671606481075,
      -0.005999939516186714,
      0.003019831608980894,
      0.005514215212315321,
      0.005040084943175316,
      0.007210784591734409,
      0.0060093034990131855,
      -0.0011109469924122095,
      0.0035660439170897007,
      0.003924685064703226,
      0.0031610773876309395,
      0.0029133541975170374,
      0.004009862896054983,
      0.006155571434646845,
      0.005030133295804262,
      -0.002300356514751911
    ],
    [
      -0.009534553624689579,
      -0.22897431254386902,
      -0.5513440370559692,
      0.008651090785861015,
      0.35113126039505005,
      0.0012924672337248921,
      0.02884439006447792,
      0.064395971596241,
      0.03498312458395958,
      1.0,
      -0.09873873740434647,
      -0.08100081235170364,
      0.05380791053175926,
      0.009754225611686707,
      -0.012685520574450493,
      -0.04054522514343262,
      0.030373763293027878,
      -0.005638458300381899,
      -0.023277951404452324,
      0.13001906871795654,
      0.02768315188586712,
      -0.010547831654548645,
      -0.010200726799666882,
      0.1644333004951477,
      0.05323076248168945,
      0.0009415469830855727,
      0.0025596749037504196,
      -0.09559532254934311,
      0.11111323535442352,
      0.05885989964008331,
      0.026679791510105133,
      -0.12603488564491272,
      -0.10936211794614792,
      -0.11920305341482162,
      -0.055857427418231964,
      0.18536856770515442,
      -0.10161080211400986,
      -0.10620898753404617,
      -0.060037557035684586,
      0.20045344531536102,
      0.13000507652759552,
      0.062196023762226105,
      0.12152029573917389,
      -0.059902675449848175,
      0.13056844472885132,
      0.09954068809747696,
      -0.07993809878826141,
      -0.08593061566352844,
      0.15463460981845856,
      0.09223940968513489,
      0.14512954652309418,
      -0.09819652885198593
    ],
    [
      -0.013267728500068188,
      0.23298279941082,
      0.04602951556444168,
      0.014276920817792416,
      -0.019489796832203865,
      0.009774710983037949,
      -0.010415729135274887,
      -0.08580425381660461,
      -0.019640015438199043,
      -0.09873873740434647,
      1.0,
      0.01749965362250805,
      0.0386168546974659,
      0.04466383531689644,
      0.01607314869761467,
      0.01830538548529148,
      0.0167645625770092,
      0.0264572836458683,
      -0.017125407233834267,
      -0.04535262659192085,
      0.012482143007218838,
      0.022568488493561745,
      -0.028105726465582848,
      -0.05456799641251564,
      -0.013100352138280869,
      -0.014265356585383415,
      -0.008706650696694851,
      0.038429129868745804,
      -0.028479503467679024,
      -0.02793307416141033,
      -0.01781429722905159,
      0.046687737107276917,
      -0.0031760167330503464,
      -0.011466645635664463,
      0.01416791882365942,
      -0.056861117482185364,
      0.051759760826826096,
      0.05858558788895607,
      -0.005573980510234833,
      -0.0777752697467804,
      -0.046872127801179886,
      -0.04337868466973305,
      -0.04926975443959236,
      0.005287891253829002,
      -0.04421114921569824,
      -0.043117549270391464,
      -0.017140217125415802,
      -0.0177806057035923,
      -0.05175736919045448,
      -0.050143368542194366,
      -0.058708157390356064,
      0.020920179784297943
    ],
    [
      0.026005368679761887,
      -0.17765341699123383,
      0.09230148792266846,
      -0.003485298715531826,
      -0.031821999698877335,
      0.002298998413607478,
      -0.0022147009149193764,
      0.020159199833869934,
      0.0010172061156481504,
      -0.08100081235170364,
      0.01749965362250805,
      1.0,
      -0.020839491859078407,
      -0.015868065878748894,
      0.03826700896024704,
      -0.0118641322478652,
      -0.009694602340459824,
      0.0002515115193091333,
      0.1254085898399353,
      0.05873921141028404,
      -0.01701318845152855,
      -0.0033747164998203516,
      0.12892796099185944,
      0.04688245803117752,
      -0.007201018743216991,
      0.010824461467564106,
      0.03888740763068199,
      0.022571267560124397,
      0.011539306491613388,
      0.02862613834440708,
      0.039799172431230545,
      -0.0067573292180895805,
      0.034126970916986465,
      0.050726305693387985,
      0.02244868502020836,
      0.03706875443458557,
      -0.015343645587563515,
      -0.013091281056404114,
      0.08526399731636047,
      0.027017103508114815,
      0.21681632101535797,
      0.2067141830921173,
      0.12491555511951447,
      0.1260199248790741,
      0.24346724152565002,
      0.23688504099845886,
      0.2655400037765503,
      0.17628894746303558,
      0.19100111722946167,
      0.2291252166032791,
      0.14490270614624023,
      0.045585546642541885
    ],
    [
      -0.01622794009745121,
      0.04330984503030777,
      -0.0955967828631401,
      -0.02632545493543148,
      0.037416230887174606,
      0.0008726938394829631,
      -0.0020917223300784826,
      -0.035455480217933655,
      -0.004037415608763695,
      0.05380791053175926,
      0.0386168546974659,
      -0.020839491859078407,
      1.0,
      0.9390028715133667,
      0.5695783495903015,
      -0.16319504380226135,
      0.6811575293540955,
      0.6552650332450867,
      0.38060763478279114,
      -0.07619643211364746,
      0.5998980402946472,
      0.5828729867935181,
      0.3115423619747162,
      -0.04500427469611168,
      0.7151764631271362,
      0.6099786162376404,
      0.4154447913169861,
      -0.20907986164093018,
      0.7272977232933044,
      0.6765782833099365,
      0.4615710973739624,
      -0.20904392004013062,
      -0.45380887389183044,
      -0.4530017375946045,
      0.1711401641368866,
      0.16035093367099762,
      -0.1291358470916748,
      -0.09743119031190872,
      -0.030812418088316917,
      0.14103180170059204,
      -0.03368151932954788,
      -0.06869348883628845,
      -0.03622697666287422,
      -0.049320198595523834,
      -0.041971176862716675,
      -0.06207098811864853,
      -0.06982214003801346,
      -0.06083081290125847,
      0.001088768127374351,
      -0.037413474172353745,
      0.008166201412677765,
      -0.05943211913108826
    ],
    [
      -0.006564933340996504,
      0.09657829999923706,
      -0.054122425615787506,
      -0.03635912761092186,
      0.018610499799251556,
      0.0010571873281151056,
      -0.0026668233331292868,
      -0.02504732832312584,
      -0.0036747423000633717,
      0.009754225611686707,
      0.04466383531689644,
      -0.015868065878748894,
      0.9390028715133667,
      1.0,
      0.6189472675323486,
      -0.1648474931716919,
      0.6860484480857849,
      0.747183620929718,
      0.45056286454200745,
      -0.1129857748746872,
      0.613208532333374,
      0.6772762537002563,
      0.38089796900749207,
      -0.08609858900308609,
      0.6603477001190186,
      0.6598747372627258,
      0.4481041431427002,
      -0.22081346809864044,
      0.6312297582626343,
      0.6763017773628235,
      0.4770788848400116,
      -0.2051173597574234,
      -0.35649335384368896,
      -0.3204011619091034,
      0.26955440640449524,
      0.1178189143538475,
      -0.04351448267698288,
      0.01863739639520645,
      0.058306530117988586,
      0.10846982151269913,
      -0.025026384741067886,
      0.016108740121126175,
      -0.009018664248287678,
      0.09899800270795822,
      -0.050235241651535034,
      -0.032611291855573654,
      0.045640941709280014,
      0.11642570048570633,
      -0.014322753064334393,
      0.014220311306416988,
      0.02240610495209694,
      0.0767662525177002
    ],
    [
      -0.003659844631329179,
      0.1331949084997177,
      0.019350461661815643,
      -0.035174813121557236,
      0.03499487042427063,
      3.217936318833381e-05,
      -0.002160537289455533,
      0.0038173729553818703,
      -0.0012174261501058936,
      -0.012685520574450493,
      0.01607314869761467,
      0.03826700896024704,
      0.5695783495903015,
      0.6189472675323486,
      1.0,
      -0.3583854138851166,
      0.36480551958084106,
      0.3893026113510132,
      0.8238031268119812,
      -0.2097698450088501,
      0.31658637523651123,
      0.33691689372062683,
      0.7250877618789673,
      -0.16068744659423828,
      0.2115333080291748,
      0.1932918131351471,
      0.7788510918617249,
      -0.24414394795894623,
      0.25040513277053833,
      0.26951077580451965,
      0.7665643692016602,
      -0.2773701548576355,
      -0.17038671672344208,
      -0.20079828798770905,
      0.5578598380088806,
      0.058712612837553024,
      0.008225438185036182,
      0.013288500718772411,
      0.2146066129207611,
      0.034307051450014114,
      -0.09546937793493271,
      -0.12209086120128632,
      -0.0870741531252861,
      0.023714011535048485,
      -0.09353603422641754,
      -0.11134568601846695,
      -0.050014279782772064,
      -0.018817506730556488,
      -0.07092580199241638,
      -0.1014222651720047,
      -0.049984123557806015,
      0.03430674970149994
    ],
    [
      0.013484875671565533,
      0.13333652913570404,
      0.05557558313012123,
      -0.01624789834022522,
      -0.004056934267282486,
      0.00039589530206285417,
      -0.003372679930180311,
      0.01688694953918457,
      0.0008789096027612686,
      -0.04054522514343262,
      0.01830538548529148,
      -0.0118641322478652,
      -0.16319504380226135,
      -0.1648474931716919,
      -0.3583854138851166,
      1.0,
      -0.19785521924495697,
      -0.18175008893013,
      -0.28725337982177734,
      0.5122286677360535,
      -0.19766810536384583,
      -0.17788627743721008,
      -0.2695460617542267,
      0.3446666896343231,
      -0.15644001960754395,
      -0.14451682567596436,
      -0.27637916803359985,
      0.7771366238594055,
      -0.15191853046417236,
      -0.16361813247203827,
      -0.4090787470340729,
      0.7802665829658508,
      0.006443632300943136,
      0.052483245730400085,
      -0.1868506520986557,
      -0.49374786019325256,
      -0.012088309042155743,
      0.018471140414476395,
      -0.06489399820566177,
      -0.22190310060977936,
      0.01646491512656212,
      0.07601791620254517,
      0.001562123536132276,
      0.008200658485293388,
      -0.0006225994438864291,
      0.017344314604997635,
      0.0917792096734047,
      0.10556202381849289,
      0.007791268173605204,
      0.06292430311441422,
      0.011970779858529568,
      0.021555697545409203
    ],
    [
      -0.007219219580292702,
      -0.04241066053509712,
      -0.08656545728445053,
      -0.02927113138139248,
      0.029017960652709007,
      0.0003969742974732071,
      -0.0014664194313809276,
      -0.03192133828997612,
      -0.005548552144318819,
      0.030373763293027878,
      0.0167645625770092,
      -0.009694602340459824,
      0.6811575293540955,
      0.6860484480857849,
      0.36480551958084106,
      -0.19785521924495697,
      1.0,
      0.9565105438232422,
      0.3529084324836731,
      0.019996915012598038,
      0.9908996224403381,
      0.9516019821166992,
      0.3518294095993042,
      0.06917530298233032,
      0.602025032043457,
      0.5731124877929688,
      0.25039082765579224,
      -0.34287917613983154,
      0.36423569917678833,
      0.3908320665359497,
      0.28511732816696167,
      -0.33559954166412354,
      0.21410368382930756,
      0.19701455533504486,
      0.1773831695318222,
      0.23584146797657013,
      0.4511198401451111,
      0.46124061942100525,
      0.029579751193523407,
      0.23175592720508575,
      -0.05786602571606636,
      -0.03447132557630539,
      -0.02192620187997818,
      0.046193066984415054,
      -0.04145294800400734,
      -0.0397280715405941,
      -0.042038578540086746,
      0.039230071008205414,
      -0.05415854975581169,
      -0.040535908192396164,
      -0.021739089861512184,
      0.03873954340815544
    ],
    [
      0.0004604131681844592,
      -0.01200635265558958,
      -0.05592906475067139,
      -0.03578297048807144,
      0.009561257436871529,
      0.0005414984188973904,
      -0.002247823867946863,
      -0.024744538590312004,
      -0.0050594680942595005,
      -0.005638458300381899,
      0.0264572836458683,
      0.0002515115193091333,
      0.6552650332450867,
      0.747183620929718,
      0.3893026113510132,
      -0.18175008893013,
      0.9565105438232422,
      1.0,
      0.38549724221229553,
      -0.014449000358581543,
      0.9457384943962097,
      0.9921457171440125,
      0.38137173652648926,
      0.027155399322509766,
      0.5760945081710815,
      0.6366257071495056,
      0.27275094389915466,
      -0.3392430543899536,
      0.33954083919525146,
      0.4401322603225708,
      0.29722410440444946,
      -0.3169271647930145,
      0.2072809934616089,
      0.2458639293909073,
      0.2175205796957016,
      0.19665969908237457,
      0.4358369708061218,
      0.4877820611000061,
      0.08002322912216187,
      0.2061188519001007,
      -0.015503107570111752,
      0.06467925757169724,
      0.018804531544446945,
      0.17162983119487762,
      -0.008217238821089268,
      0.023775354027748108,
      0.08293581008911133,
      0.20258039236068726,
      -0.03049992397427559,
      0.03823470324277878,
      0.017065489664673805,
      0.14394168555736542
    ],
    [
      0.0199442058801651,
      -0.02563486620783806,
      0.05409356579184532,
      -0.053749214857816696,
      0.02911580726504326,
      -0.0006653481395915151,
      -0.0010190841276198626,
      0.01906706392765045,
      0.0009291757014580071,
      -0.023277951404452324,
      -0.017125407233834267,
      0.1254085898399353,
      0.38060763478279114,
      0.45056286454200745,
      0.8238031268119812,
      -0.28725337982177734,
      0.3529084324836731,
      0.38549724221229553,
      1.0,
      -0.02906128205358982,
      0.330766499042511,
      0.36019715666770935,
      0.9785512685775757,
      0.01101713627576828,
      0.18394961953163147,
      0.2283359318971634,
      0.7254281640052795,
      -0.2275206297636032,
      0.15507516264915466,
      0.23012541234493256,
      0.6823870539665222,
      -0.2793302536010742,
      0.03264467045664787,
      0.047252051532268524,
      0.5255751013755798,
      0.12455698102712631,
      0.0835808664560318,
      0.08618171513080597,
      0.42485564947128296,
      0.13158316910266876,
      0.08524862676858902,
      0.07813649624586105,
      0.0620354525744915,
      0.1505318582057953,
      0.0928458571434021,
      0.08121708035469055,
      0.1552535891532898,
      0.18095538020133972,
      0.08540082722902298,
      0.09615867584943771,
      0.10079864412546158,
      0.10925392806529999
    ],
    [
      0.007728872820734978,
      -0.29247164726257324,
      -0.14511680603027344,
      -0.006286142393946648,
      0.04423925280570984,
      -0.001197667676024139,
      0.006918647792190313,
      -0.023371011018753052,
      0.004226174671202898,
      0.13001906871795654,
      -0.04535262659192085,
      0.05873921141028404,
      -0.07619643211364746,
      -0.1129857748746872,
      -0.2097698450088501,
      0.5122286677360535,
      0.019996915012598038,
      -0.014449000358581543,
      -0.02906128205358982,
      1.0,
      0.030016526579856873,
      -0.00840754434466362,
      0.03765098378062248,
      0.9737259745597839,
      -0.049893856048583984,
      -0.07549884170293808,
      -0.14926573634147644,
      0.2102527618408203,
      -0.0035324243362993,
      -0.04465207830071449,
      -0.19346807897090912,
      0.04110363498330116,
      0.016376152634620667,
      0.03922952711582184,
      -0.08949287980794907,
      0.37235578894615173,
      -0.032652195543050766,
      -0.023616595193743706,
      0.027308719232678413,
      0.6077753901481628,
      0.3181982934474945,
      0.26968228816986084,
      0.24562400579452515,
      0.015503115952014923,
      0.31900131702423096,
      0.27876725792884827,
      0.10563074052333832,
      0.11828544735908508,
      0.3208862841129303,
      0.30570167303085327,
      0.2831169068813324,
      -0.0665704756975174
    ],
    [
      -0.005660760682076216,
      -0.041151829063892365,
      -0.07937590777873993,
      -0.03051982820034027,
      0.02904502861201763,
      0.00036884096334688365,
      -0.0011646223720163107,
      -0.03023708425462246,
      -0.005544186104089022,
      0.02768315188586712,
      0.012482143007218838,
      -0.01701318845152855,
      0.5998980402946472,
      0.613208532333374,
      0.31658637523651123,
      -0.19766810536384583,
      0.9908996224403381,
      0.9457384943962097,
      0.330766499042511,
      0.030016526579856873,
      1.0,
      0.9569467306137085,
      0.34367409348487854,
      0.08403700590133667,
      0.5600683093070984,
      0.5424094200134277,
      0.22050082683563232,
      -0.3471069931983948,
      0.2964983284473419,
      0.33228799700737,
      0.2517194151878357,
      -0.3384495973587036,
      0.2991928458213806,
      0.2789640724658966,
      0.17090021073818207,
      0.23743551969528198,
      0.5140001773834229,
      0.5191255211830139,
      0.03829021006822586,
      0.23347435891628265,
      -0.06461896002292633,
      -0.0334232822060585,
      -0.022614045068621635,
      0.05235768109560013,
      -0.04867386072874069,
      -0.04406823590397835,
      -0.044106531888246536,
      0.04585069790482521,
      -0.06416276842355728,
      -0.0451543852686882,
      -0.02851809747517109,
      0.04957033693790436
    ],
    [
      0.002058630343526602,
      -0.015519141219556332,
      -0.04842850938439369,
      -0.03653635084629059,
      0.008174125105142593,
      0.0004925046814605594,
      -0.0022514446172863245,
      -0.02309499867260456,
      -0.005145566072314978,
      -0.010547831654548645,
      0.022568488493561745,
      -0.0033747164998203516,
      0.5828729867935181,
      0.6772762537002563,
      0.33691689372062683,
      -0.17788627743721008,
      0.9516019821166992,
      0.9921457171440125,
      0.36019715666770935,
      -0.00840754434466362,
      0.9569467306137085,
      1.0,
      0.36930015683174133,
      0.03497748821973801,
      0.545521080493927,
      0.6167846918106079,
      0.24152739346027374,
      -0.33978572487831116,
      0.28372228145599365,
      0.392695814371109,
      0.2641121447086334,
      -0.3149651288986206,
      0.2858983874320984,
      0.32513588666915894,
      0.20225319266319275,
      0.19264593720436096,
      0.4921713173389435,
      0.5400699377059937,
      0.08371345698833466,
      0.2022715061903,
      -0.0195492971688509,
      0.06704263389110565,
      0.018715355545282364,
      0.17755921185016632,
      -0.010887441225349903,
      0.023375842720270157,
      0.0860418900847435,
      0.2101569026708603,
      -0.03803231939673424,
      0.035892635583877563,
      0.011407000944018364,
      0.1530047357082367
    ],
    [
      0.024143142625689507,
      -0.08194760978221893,
      0.04560597613453865,
      -0.05779367685317993,
      0.029780276119709015,
      -0.0009361613192595541,
      5.914890789426863e-05,
      0.01890253648161888,
      0.0015834273071959615,
      -0.010200726799666882,
      -0.028105726465582848,
      0.12892796099185944,
      0.3115423619747162,
      0.38089796900749207,
      0.7250877618789673,
      -0.2695460617542267,
      0.3518294095993042,
      0.38137173652648926,
      0.9785512685775757,
      0.03765098378062248,
      0.34367409348487854,
      0.36930015683174133,
      1.0,
      0.08423888683319092,
      0.17929168045520782,
      0.2373291254043579,
      0.6858869194984436,
      -0.2415703982114792,
      0.13350869715213776,
      0.21861888468265533,
      0.641929030418396,
      -0.2982087731361389,
      0.08749419450759888,
      0.11301075667142868,
      0.5010144710540771,
      0.17055760324001312,
      0.10524226725101471,
      0.10636906325817108,
      0.4555487632751465,
      0.18722295761108398,
      0.13624632358551025,
      0.13173864781856537,
      0.10683958232402802,
      0.16952791810035706,
      0.14544819295406342,
      0.13420090079307556,
      0.19150137901306152,
      0.21887989342212677,
      0.13282893598079681,
      0.14984501898288727,
      0.14598716795444489,
      0.11659472435712814
    ],
    [
      0.003986686002463102,
      -0.3443543612957001,
      -0.1804676055908203,
      -0.0028404288459569216,
      0.05281979963183403,
      -0.0013939222553744912,
      0.009329822845757008,
      -0.03129733353853226,
      0.004869328811764717,
      0.1644333004951477,
      -0.05456799641251564,
      0.04688245803117752,
      -0.04500427469611168,
      -0.08609858900308609,
      -0.16068744659423828,
      0.3446666896343231,
      0.06917530298233032,
      0.027155399322509766,
      0.01101713627576828,
      0.9737259745597839,
      0.08403700590133667,
      0.03497748821973801,
      0.08423888683319092,
      1.0,
      -0.01954900287091732,
      -0.05400822311639786,
      -0.10871763527393341,
      0.05986896902322769,
      0.032975003123283386,
      -0.014317655004560947,
      -0.12898311018943787,
      -0.12169704586267471,
      0.006764506921172142,
      0.020827393978834152,
      -0.06499256193637848,
      0.5161454081535339,
      -0.03470669314265251,
      -0.03057611919939518,
      0.031652774661779404,
      0.7171615958213806,
      0.34163251519203186,
      0.2719280421733856,
      0.26696640253067017,
      0.002617466729134321,
      0.34559598565101624,
      0.29629531502723694,
      0.07806751877069473,
      0.09001950174570084,
      0.350340336561203,
      0.315494179725647,
      0.30810976028442383,
      -0.08731920272111893
    ],
    [
      0.006815895903855562,
      -0.1854424774646759,
      -0.0944218635559082,
      -0.017937934026122093,
      0.005748164840042591,
      -0.0004947101697325706,
      -0.002042490290477872,
      -0.031765080988407135,
      -0.0031529399566352367,
      0.05323076248168945,
      -0.013100352138280869,
      -0.007201018743216991,
      0.7151764631271362,
      0.6603477001190186,
      0.2115333080291748,
      -0.15644001960754395,
      0.602025032043457,
      0.5760945081710815,
      0.18394961953163147,
      -0.049893856048583984,
      0.5600683093070984,
      0.545521080493927,
      0.17929168045520782,
      -0.01954900287091732,
      1.0,
      0.9249126315116882,
      0.2723914682865143,
      -0.16637057065963745,
      0.8874128460884094,
      0.8825610280036926,
      0.37731972336769104,
      -0.17001336812973022,
      -0.2597462832927704,
      -0.2287011742591858,
      -0.030482228845357895,
      0.19182699918746948,
      -0.246196448802948,
      -0.22757813334465027,
      -0.07535483688116074,
      0.1475529670715332,
      0.08718917518854141,
      0.08461955189704895,
      0.10899367928504944,
      0.02702443301677704,
      0.06353678554296494,
      0.06211862713098526,
      0.05303052067756653,
      0.06401075422763824,
      0.08663162589073181,
      0.08862771838903427,
      0.11008524149656296,
      -0.01192063931375742
    ],
    [
      0.02055167779326439,
      -0.1780129075050354,
      -0.046997711062431335,
      -0.027381693944334984,
      -0.020684529095888138,
      -0.0005206026835367084,
      -0.00262201065197587,
      -0.019143998622894287,
      -0.0020114039070904255,
      0.0009415469830855727,
      -0.014265356585383415,
      0.010824461467564106,
      0.6099786162376404,
      0.6598747372627258,
      0.1932918131351471,
      -0.14451682567596436,
      0.5731124877929688,
      0.6366257071495056,
      0.2283359318971634,
      -0.07549884170293808,
      0.5424094200134277,
      0.6167846918106079,
      0.2373291254043579,
      -0.05400822311639786,
      0.9249126315116882,
      1.0,
      0.2821102440357208,
      -0.19129662215709686,
      0.7766875624656677,
      0.9014111757278442,
      0.37933674454689026,
      -0.17274074256420135,
      -0.15487562119960785,
      -0.05270293354988098,
      0.030211191624403,
      0.1501484215259552,
      -0.17045192420482635,
      -0.12690122425556183,
      0.0260353721678257,
      0.12533138692378998,
      0.1470365673303604,
      0.22735720872879028,
      0.17817871272563934,
      0.21657219529151917,
      0.11434885859489441,
      0.15462099015712738,
      0.24553823471069336,
      0.30171340703964233,
      0.11636262387037277,
      0.19723354279994965,
      0.17028482258319855,
      0.14900560677051544
    ],
    [
      0.00807714182883501,
      0.043229855597019196,
      0.022082706913352013,
      -0.0481206513941288,
      0.03905831277370453,
      -0.0011290397960692644,
      -0.001251807319931686,
      0.014537790790200233,
      0.0016421262407675385,
      0.0025596749037504196,
      -0.008706650696694851,
      0.03888740763068199,
      0.4154447913169861,
      0.4481041431427002,
      0.7788510918617249,
      -0.27637916803359985,
      0.25039082765579224,
      0.27275094389915466,
      0.7254281640052795,
      -0.14926573634147644,
      0.22050082683563232,
      0.24152739346027374,
      0.6858869194984436,
      -0.10871763527393341,
      0.2723914682865143,
      0.2821102440357208,
      1.0,
      -0.1835518181324005,
      0.3098052442073822,
      0.35459163784980774,
      0.9318364262580872,
      -0.22910216450691223,
      -0.1541508585214615,
      -0.15108005702495575,
      0.4725838899612427,
      0.04033326730132103,
      -0.08398118615150452,
      -0.083052858710289,
      0.2133590430021286,
      0.04353617876768112,
      -0.039401665329933167,
      -0.05609598010778427,
      -0.028358042240142822,
      0.053400423377752304,
      -0.036086924374103546,
      -0.05451991781592369,
      0.012484501115977764,
      0.04232893884181976,
      -0.024355081841349602,
      -0.043053701519966125,
      0.0031497341115027666,
      0.04837646335363388
    ],
    [
      0.012863109819591045,
      0.19045744836330414,
      0.11344325542449951,
      0.0008586148032918572,
      -0.018653417006134987,
      0.0006753079942427576,
      -0.005803260486572981,
