{
  "features": [
    "MASK",
    "DEM",
    "slope",
    "aspect_sin",
    "aspect_cos",
    "profile_curvature",
    "area_drainage",
    "ls",
    "spi",
    "twi",
    "distance_to_drainage",
    "lithology_class",
    "B05_mean",
    "B05_integral",
    "B05_tv",
    "B05_trend",
    "B06_mean",
    "B06_integral",
    "B06_tv",
    "B06_trend",
    "B07_mean",
    "B07_integral",
    "B07_tv",
    "B07_trend",
    "B11_mean",
    "B11_integral",
    "B11_tv",
    "B11_trend",
    "B12_mean",
    "B12_integral",
    "B12_tv",
    "B12_trend",
    "NDVI_mean",
    "NDVI_integral",
    "NDVI_tv",
    "NDVI_trend",
    "NBR_mean",
    "NBR_integral",
    "NBR_tv",
    "NBR_trend",
    "prec7_mean",
    "prec7_integral",
    "prec7_tv",
    "prec7_trend",
    "prec20_mean",
    "prec20_integral",
    "prec20_tv",
    "prec20_trend",
    "max2d_7_mean",
    "max2d_7_integral",
    "max2d_7_tv",
    "max2d_7_trend"
  ],
  "correlation_matrix": [
    [
      1.0,
      -0.014415167688697864,
      0.023912871639306207,
      -0.0016178734286216548,
      -0.00701646129530646,
      0.000831606573226664,
      0.0005880496780657603,
      0.012897484019469373,
      0.002792757691902549,
      -0.009534553604289123,
      -0.013267728265096002,
      0.026005369606508337,
      -0.016059361055846273,
      -0.024169709645143964,
      -0.021014196338482397,
      0.03653158069726059,
      -0.012009469688886425,
      -0.017535345109929528,
      -0.019829447773660695,
      0.03661230997199183,
      -0.012507660755507442,
      -0.016478071634113387,
      -0.020122203259679217,
      0.032699873815584146,
      -0.014781310009392397,
      -0.003504908344756923,
      -0.018704176049882712,
      0.009094065319813624,
      -0.018321620044527375,
      -0.011739355944603543,
      -0.021141680810340856,
      0.018638810037140695,
      0.016473015763702782,
      0.03527575470966907,
      0.0075322937331252955,
      -0.03640303505575541,
      0.00416048421632446,
      0.004878215385115323,
      0.0023967856879353114,
      0.0038946565966487883,
      0.028871906542984698,
      0.04724133892479473,
      0.03665050452676988,
      0.02337229141549702,
      0.01884401820841126,
      0.02345564760987715,
      0.051454371500440764,
      0.056340613425265966,
      0.018854591210581705,
      0.03913714241299013,
      0.02928936620176107,
      0.019001809153462713
    ],
    [
      -0.014415167688697864,
      1.0,
      0.3073908499724952,
      0.0061697922710574945,
      -0.05334218918622662,
      0.008438007784659305,
      -0.008363711431988852,
      0.0379292208506674,
      -0.01065435462139166,
      -0.22897430698624832,
      0.23298280667459023,
      -0.17765343216716686,
      0.14316186632452815,
      -0.008474404151343266,
      0.031231928153964434,
      0.3157989247805742,
      0.03627208072196561,
      -0.07806867448454216,
      0.039587900032902267,
      0.10277326124566795,
      0.011079514478673684,
      -0.09176947156641285,
      0.019354590474896686,
      0.01230451776031891,
      -0.14542224395335468,
      -0.21785452231256291,
      -0.0687288950798571,
      0.2701239441888518,
      -0.149597374849321,
      -0.22613311168616668,
      -0.05350445789660772,
      0.3380289236991399,
      -0.016500818435240438,
      -0.00570864609856354,
      -0.0028398808478946,
      -0.4375446851986987,
      0.21883251846194737,
      0.2167258041025975,
      -0.009231703627072001,
      -0.45729505779865637,
      -0.5486223743931928,
      -0.4456894755616369,
      -0.5121063895983382,
      -0.133805502413164,
      -0.6453838033373399,
      -0.5960599604271831,
      -0.2144395425400791,
      -0.19756711285096476,
      -0.540265704930415,
      -0.5000432338395225,
      -0.5328440233571323,
      0.0446016877518486
    ],
    [
      0.023912871639306207,
      0.3073908499724952,
      1.0,
      -0.009428735090430919,
      -0.21096468310335525,
      -0.0025357995637679417,
      -0.003929150637479192,
      0.239016308533788,
      0.011227168389872288,
      -0.5513440082151727,
      0.046029517299083375,
      0.09230148348781499,
      -0.004711498276732396,
      -0.05845405148636532,
      0.008137516318955105,
      0.18865250627806832,
      -0.03990834322100254,
      -0.07736124107167067,
      0.02341145881902365,
      0.09506401476130984,
      -0.054708438968899896,
      -0.08441287855448741,
      0.012888410000703631,
      0.04459555829705212,
      -0.07543062485925521,
      -0.06400480708437205,
      -0.01853705682575754,
      0.15947117021204255,
      -0.08969139809126074,
      -0.08099195119599249,
      -0.006940804349841843,
      0.19338749552171167,
      0.08597060870204098,
      0.1074460301644956,
      0.0802206168611401,
      -0.26562191039250976,
      0.08277917044698052,
      0.06430377651277408,
      -0.011851308373180554,
      -0.22710785522829738,
      -0.1385452023463968,
      -0.08219219853880816,
      -0.12534473629043877,
      0.04228132063922432,
      -0.1691142167171043,
      -0.14588862113034606,
      0.08577782618261605,
      0.055583762143856,
      -0.16927740687332085,
      -0.11872667523971675,
      -0.16024547121604826,
      0.09006829154319601
    ],
    [
      -0.0016178734286216548,
      0.0061697922710574945,
      -0.009428735090430919,
      1.0,
      -0.006060494177421673,
      6.386352153680316e-05,
      -0.00031588274180577747,
      -0.0028296045347444353,
      -0.0003551976512151406,
      0.008651094966951023,
      0.01427692104892371,
      -0.0034852988137336893,
      4.116343430741646e-05,
      0.0022376183820087517,
      0.02754231044154264,
      -0.013874691058021357,
      -0.00944652399517403,
      -0.008860526619925422,
      0.022003608945114366,
      -0.00655240420426318,
      -0.01323615281886124,
      -0.01310175864850058,
      0.018766018414056007,
      -0.00223596946764969,
      0.001995770751239243,
      -0.00471062103467315,
      0.01350816045244446,
      0.003814561598947006,
      0.0034943137905462797,
      -0.0005661035186364849,
      0.01598472144440775,
      -0.0071998982428811715,
      -0.0031723037189523855,
      -0.021423541084239998,
      0.0014006724054169033,
      0.030601069471257625,
      -0.006676805345760894,
      -0.014197638350747123,
      -0.0182123875916931,
      -0.0003107787962150336,
      -0.04072410425154015,
      -0.05330181861960791,
      -0.05551187842967359,
      -0.0077348810927657845,
      -0.012313418282310378,
      -0.01577110982634407,
      -0.05510858056307834,
      -0.05217118809765605,
      -0.03710863602203034,
      -0.04816141053661034,
      -0.05345787497762919,
      -0.006083207243635632
    ],
    [
      -0.00701646129530646,
      -0.05334218918622662,
      -0.21096468310335525,
      -0.006060494177421673,
      1.0,
      0.0022823366372689367,
      0.0014022665471945031,
      -0.04774364601628422,
      -0.0033140926062374377,
      0.35113127255385196,
      -0.01948979722982228,
      -0.031821998469178575,
      0.019034960065775448,
      0.03229534844917798,
      0.013995370100683947,
      -0.045274601478800934,
      0.024024249434473132,
      0.02762889663571528,
      0.013888407170280911,
      -0.026556162768724665,
      0.03001553103665905,
      0.029398960284036237,
      0.01882989286817495,
      -0.015863800865017385,
      0.017002816684115334,
      -0.0007578340413394552,
      0.027492054690322044,
      -0.023907328314073262,
      0.020624697466931873,
      0.008857095705905645,
      0.015396499967751298,
      -0.03411656598673233,
      -0.023806136438162064,
      -0.04257430089764981,
      -0.007618330419966791,
      0.0512841770400006,
      -0.0030204436033456597,
      -0.005098695491998757,
      0.039280827426893324,
      0.039899516581013705,
      0.023061367453944975,
      -0.0085538691564006,
      0.01845751289786743,
      -0.02995463902097441,
      0.027807333633327425,
      0.010270993379058364,
      -0.05135092970827431,
      -0.04177243202529892,
      0.03736891997357964,
      0.006993694682080412,
      0.03426854910757994,
      -0.03405506958840828
    ],
    [
      0.000831606573226664,
      0.008438007784659305,
      -0.0025357995637679417,
      6.386352153680316e-05,
      0.0022823366372689367,
      1.0,
      -9.23393186632011e-05,
      -0.003921879138983001,
      -0.0005956213386400442,
      0.0012924626573509223,
      0.00977471126636806,
      0.0022989994979828333,
      0.0013217324383536305,
      0.0006060348981513701,
      -0.0006368362157037835,
      0.002051414943729092,
      0.0010765836027830003,
      0.0005294411149166155,
      -0.0006389303039228098,
      0.0012433281598230315,
      0.0009672871546836971,
      0.00047435025921417124,
      -0.0008117291002605189,
      0.0008299468763554462,
      6.435043820285626e-05,
      -0.0003316731011496444,
      -0.0009716840312406987,
      0.0019025591238003361,
      -0.0004338306019112224,
      -0.000825906032408653,
      -0.0008739795866959277,
      0.0024023196236328715,
      -0.00041121595599765505,
      -0.0004087627632391371,
      -0.0014387121375300667,
      -0.002360327346874217,
      0.0021419338747381217,
      0.002128707475275472,
      -0.00011067582413846787,
      -0.002755607621731164,
      -6.052754551689511e-05,
      -6.101302282503036e-05,
      -0.00040851811378309375,
      0.00030757151323545606,
      -0.0010520605586428796,
      -0.0012864671974710847,
      0.0005110094956893468,
      0.00059111558327685,
      -6.831580219716387e-05,
      -0.00022317125454176357,
      -0.00018292487935404517,
      0.0010357879390451308
    ],
    [
      0.0005880496780657603,
      -0.008363711431988852,
      -0.003929150637479192,
      -0.00031588274180577747,
      0.0014022665471945031,
      -9.23393186632011e-05,
      1.0,
      0.12733658979118756,
      0.5498664604544603,
      0.028844389285635746,
      -0.010415728825527593,
      -0.0022147008821303774,
      5.396467745321353e-05,
      0.00209242509523476,
      0.0012343559477139554,
      -0.004941635294441785,
      0.0003503854751442045,
      0.0015351999778060793,
      0.0002293917145609248,
      -0.00030393474142219003,
      0.0010091320648036705,
      0.0017285597120229566,
      0.0006585162643412907,
      0.0022005518874579017,
      -0.0006546825936158913,
      -0.00019558820062079402,
      -8.38232065913552e-05,
      -0.005856781024902559,
      -0.00022926955542798788,
      0.00017287837073653715,
      -0.0007074947378721784,
      -0.0065981781164201085,
      -0.0019891642125841776,
      -0.003031076507794104,
      0.0015029845948872822,
      0.008691360556905694,
      -0.0012050277539678391,
      -0.0016292424564585003,
      0.0012753625577982125,
      0.010413948306752699,
      0.006656162280783191,
      0.006093240748304735,
      0.0074493170211107395,
      -0.001755754627997204,
      0.005990091497308317,
      0.005089481891284172,
      -0.0015263568652939272,
      -0.0013704235612435527,
      0.0063806101755787,
      0.006035938292249432,
      0.006925347935032979,
      -0.003938380813197079
    ],
    [
      0.012897484019469373,
      0.0379292208506674,
      0.239016308533788,
      -0.0028296045347444353,
      -0.04774364601628422,
      -0.003921879138983001,
      0.12733658979118756,
      1.0,
      0.5099245301348216,
      0.06439597627924004,
      -0.08580425134420767,
      0.020159198227029478,
      -0.013392870822876013,
      -0.026735902005530148,
      -0.005418269291052387,
      0.048230151420762916,
      -0.02323109707784212,
      -0.03299100678248318,
      0.0005678222297431427,
      0.030888921899567958,
      -0.027130052273091853,
      -0.0351074190864382,
      -0.0007908002869671906,
      0.02037676688648022,
      -0.0328625874129923,
      -0.028339012038713977,
      -0.0059675660870849665,
      0.032563323424276154,
      -0.03196726880683766,
      -0.029059505986880348,
      -0.006304110174614341,
      0.0418110615688524,
      0.0235361066001873,
      0.0333123871974399,
      0.022353580364872283,
      -0.06348556854387527,
      0.0079852951012832,
      0.0019435155204500074,
      0.005335160639681865,
      -0.03541588404880762,
      -0.02609113043533597,
      -0.00793930397176839,
      -0.019903696674332755,
      0.00858254816510176,
      -0.037002555395662655,
      -0.029541920881414753,
      0.025653388488875217,
      0.020002907656833147,
      -0.03442933912912251,
      -0.018356330757944253,
      -0.02916540408919597,
      0.018908179747880508
    ],
    [
      0.002792757691902549,
      -0.01065435462139166,
      0.011227168389872288,
      -0.0003551976512151406,
      -0.0033140926062374377,
      -0.0005956213386400442,
      0.5498664604544603,
      0.5099245301348216,
      1.0,
      0.03498312345169101,
      -0.01964001634473437,
      0.0010172062462040679,
      -0.0035825977130478723,
      -0.002831897173163234,
      -0.002367439392311679,
      0.00044580951178276035,
      -0.005111202033201484,
      -0.0043501349503596645,
      -0.0020748639962471067,
      0.0026592428961289497,
      -0.005275490773405997,
      -0.004572665324563997,
      -0.0017948310665105178,
      0.0034753083658968795,
      -0.004510798905940919,
      -0.0028494675974416717,
      -0.0017637802222514815,
      -0.002124589797154555,
      -0.0029609480352427507,
      -0.0018160267306519323,
      -0.0026815086656448092,
      -0.0018078241549714885,
      -0.0016105363851825168,
      0.00015131866861534636,
      -0.0005696887539228903,
      0.0005941871262862981,
      -0.005096735504807588,
      -0.005731088635852664,
      0.0016874581657429306,
      0.006653057098760523,
      0.00504008517318066,
      0.007210784717655712,
      0.006009303787355599,
      -0.0011109472129791306,
      0.0035660439613749433,
      0.003924684880486367,
      0.0031610774869289867,
      0.002913354322155676,
      0.00400986280257305,
      0.006155571652408022,
      0.0050301334525241345,
      -0.0023003565706219316
    ],
    [
      -0.009534553604289123,
      -0.22897430698624832,
      -0.5513440082151727,
      0.008651094966951023,
      0.35113127255385196,
      0.0012924626573509223,
      0.028844389285635746,
      0.06439597627924004,
      0.03498312345169101,
      1.0,
      -0.0987387347138032,
      -0.08100081122661454,
      0.035392877856822096,
      0.07649421914328262,
      0.042278817715942114,
      -0.14527774593965484,
      0.04031713269466325,
      0.06388523404781547,
      0.03952603948318734,
      -0.06453976560286152,
      0.051357986647211654,
      0.06615595814149279,
      0.052388705733267885,
      -0.019902841053472963,
      0.07085848453154923,
      0.04773556255831946,
      0.05489236279528253,
      -0.12202661546579545,
      0.08443644226251834,
      0.0679770769966839,
      0.03650343037093007,
      -0.14688057699440632,
      -0.09411737549664964,
      -0.11958356522815024,
      -0.03770136308575061,
      0.20804261030218324,
      -0.08508503752154471,
      -0.07737525277025054,
      0.04237852726364105,
      0.1883378528712093,
      0.13000508323459242,
      0.06219602996205895,
      0.12152029534070817,
      -0.05990267314340262,
      0.13056844271858978,
      0.09954068768384139,
      -0.07993810098333544,
      -0.08593061914187428,
      0.1546346086370902,
      0.09223941377678882,
      0.14512954243536041,
      -0.09819652950422698
    ],
    [
      -0.013267728265096002,
      0.23298280667459023,
      0.046029517299083375,
      0.01427692104892371,
      -0.01948979722982228,
      0.00977471126636806,
      -0.010415728825527593,
      -0.08580425134420767,
      -0.01964001634473437,
      -0.0987387347138032,
      1.0,
      0.01749965181931229,
      0.04565532676482886,
      0.03671919214892439,
      0.019406690792036097,
      0.049732795468270356,
      0.035106357110659105,
      0.03340753624078408,
      0.014622507727242615,
      0.021055585572490675,
      0.02903430002425575,
      0.029329343171212368,
      0.00825237826287725,
      0.007772723360246134,
      0.015656419681661267,
      0.008359976959284617,
      0.012671694034094193,
      0.06666669872790651,
      0.011406429594594189,
      0.00733911534470758,
      0.019963936279241777,
      0.06571547855678586,
      -0.015387230325593275,
      -0.019931452065793036,
      -0.001603672347371217,
      -0.054302814166313544,
      0.0449078341528571,
      0.051439783342286195,
      -0.003997688877777193,
      -0.08458193169421437,
      -0.04687212710231258,
      -0.04337868581876004,
      -0.04926975540711548,
      0.005287891285081364,
      -0.04421114794982156,
      -0.04311754889542419,
      -0.01714021640043668,
      -0.017780606324062743,
      -0.05175737103101673,
      -0.05014337236833481,
      -0.05870815860944539,
      0.020920179370173545
    ],
    [
      0.026005369606508337,
      -0.17765343216716686,
      0.09230148348781499,
      -0.0034852988137336893,
      -0.031821998469178575,
      0.0022989994979828333,
      -0.0022147008821303774,
      0.020159198227029478,
      0.0010172062462040679,
      -0.08100081122661454,
      0.01749965181931229,
      1.0,
      -0.08159483366514554,
      -0.022799596269086626,
      -0.01379226865053643,
      -0.07279170559918685,
      -0.055653675347946484,
      -0.008765405776524833,
      -0.00930655272953991,
      -0.02175488709303338,
      -0.05915144954287324,
      -0.014267533381295298,
      -0.008589971234201764,
      -0.011166923281315185,
      -0.02148242975275365,
      0.0084507246934855,
      0.0423946093932126,
      -0.005739674622746393,
      -0.018145371789954946,
      0.020934677926068092,
      0.037708704528763785,
      -0.03920273131393361,
      0.05806694462825574,
      0.048322917639991525,
      0.07811834653916257,
      0.0496663231675127,
      -0.0005729811297371561,
      -0.0008692560281227202,
      0.05036730538052944,
      0.036778000157246415,
      0.21681632258383285,
      0.20671419803156557,
      0.12491556572446222,
      0.1260199308352605,
      0.24346725398030317,
      0.23688504522654935,
      0.2655400096006185,
      0.17628895770855266,
      0.19100112454185955,
      0.22912520724663038,
      0.14490271345518108,
      0.045585550322675174
    ],
    [
      -0.016059361055846273,
      0.14316186632452815,
      -0.004711498276732396,
      4.116343430741646e-05,
      0.019034960065775448,
      0.0013217324383536305,
      5.396467745321353e-05,
      -0.013392870822876013,
      -0.0035825977130478723,
      0.035392877856822096,
      0.04565532676482886,
      -0.08159483366514554,
      1.0,
      0.9180878145771268,
      0.7714100649293415,
      0.0722874977359055,
      0.8571073323925672,
      0.7904742254110374,
      0.7056579482027248,
      0.06365724608565712,
      0.7847397207304189,
      0.729540339099174,
      0.6704434850514103,
      0.05960326692918935,
      0.7918096820490267,
      0.6739615938460706,
      0.5779727092268625,
      0.0451612887865159,
      0.8148151857527585,
      0.71901374725668,
      0.6117808420713754,
      0.029835134434708,
      -0.4791179064510852,
      -0.45931090020841053,
      0.2152493788955551,
      0.05213909440646415,
      -0.12716083386865046,
      -0.10871581045845978,
      0.10149735177304561,
      0.01975784356491853,
      -0.1057379186815301,
      -0.17006085876534624,
      0.005244903933591501,
      -0.1683045978347849,
      -0.2423572092166342,
      -0.29256291637915094,
      -0.1911012915555616,
      -0.22380936227139686,
      -0.12089876394371665,
      -0.19334699339048114,
      -0.054758489739508136,
      -0.14538964900278525
    ],
    [
      -0.024169709645143964,
      -0.008474404151343266,
      -0.05845405148636532,
      0.0022376183820087517,
      0.03229534844917798,
      0.0006060348981513701,
      0.00209242509523476,
      -0.026735902005530148,
      -0.002831897173163234,
      0.07649421914328262,
      0.03671919214892439,
      -0.022799596269086626,
      0.9180878145771268,
      1.0,
      0.8044907289466504,
      -0.13578248427129183,
      0.8080581012948846,
      0.875030583193465,
      0.7386191572348023,
      -0.09357135021181864,
      0.7475428637494455,
      0.811852677156393,
      0.707666733645844,
      -0.06605853583257472,
      0.7922167187639934,
      0.7450036826128416,
      0.6526054209312055,
      -0.0727118794098009,
      0.810104517925566,
      0.8059511193440901,
      0.6807276860177078,
      -0.12435318658193677,
      -0.45168032740974023,
      -0.5104194363222907,
      0.2670228369709513,
      0.2100975892829328,
      -0.13630888301750516,
      -0.1253383010362238,
      0.1288152391628152,
      0.11215393271434028,
      0.011900813728008481,
      -0.12156587318995614,
      0.07224324521753574,
      -0.16083619658405476,
      -0.08360293320512935,
      -0.15853704869698904,
      -0.17288462232152102,
      -0.2460064633996205,
      0.0036686506093997996,
      -0.1097852795232479,
      0.028609107954138936,
      -0.18107992561617262
    ],
    [
      -0.021014196338482397,
      0.031231928153964434,
      0.008137516318955105,
      0.02754231044154264,
      0.013995370100683947,
      -0.0006368362157037835,
      0.0012343559477139554,
      -0.005418269291052387,
      -0.002367439392311679,
      0.042278817715942114,
      0.019406690792036097,
      -0.01379226865053643,
      0.7714100649293415,
      0.8044907289466504,
      1.0,
      -0.0912410661978408,
      0.618515626490589,
      0.6281165512450578,
      0.9633142842708337,
      -0.049208154540794614,
      0.5567975714799481,
      0.560980484871822,
      0.9357712240382675,
      -0.028054369305879436,
      0.586112308351112,
      0.4952221809619357,
      0.8199525896197677,
      0.04580198187823533,
      0.62760356162371,
      0.5875367321083745,
      0.832555389343855,
      -0.03481284468597736,
      -0.29146546936442147,
      -0.40742505298249787,
      0.4870788017110318,
      0.1400243864854592,
      -0.08997862999182955,
      -0.13444496679962387,
      0.12487491131853476,
      0.013491226240185858,
      -0.07157220624542932,
      -0.2151680534435648,
      -0.011427816230866285,
      -0.22352960274237288,
      -0.15809382953188716,
      -0.23941343612402288,
      -0.24041159710191617,
      -0.35191066540076726,
      -0.0824946055500408,
      -0.2110997046547228,
      -0.07656077126448109,
      -0.20394122366456682
    ],
    [
      0.03653158069726059,
      0.3157989247805742,
      0.18865250627806832,
      -0.013874691058021357,
      -0.045274601478800934,
      0.002051414943729092,
      -0.004941635294441785,
      0.048230151420762916,
      0.00044580951178276035,
      -0.14527774593965484,
      0.049732795468270356,
      -0.07279170559918685,
      0.0722874977359055,
      -0.13578248427129183,
      -0.0912410661978408,
      1.0,
      0.04590739492810912,
      -0.08467652322870918,
      -0.10268808288705326,
      0.8731151023480405,
      0.021465744876582447,
      -0.07770701889437479,
      -0.12327659689897726,
      0.7588923714627954,
      -0.10234753235478483,
      -0.0612003577623816,
      -0.18786606944697726,
      0.7391181342910382,
      -0.11698384568300889,
      -0.14494110803611673,
      -0.1686671763125042,
      0.8389439155153756,
      0.114467184078107,
      0.3260923341839542,
      -0.035925959746022855,
      -0.7298435988572383,
      0.11001543083513944,
      0.17782165015447585,
      -0.057096875596048764,
      -0.30859415930651235,
      -0.09861343235664835,
      0.13437035279856444,
      -0.011125871714225594,
      0.22996352676385956,
      -0.19705914680896858,
      -0.09959130771567391,
      0.16887234908892235,
      0.35240306466882865,
      -0.1769809379811799,
      0.01426525240335469,
      -0.09865605361951996,
      0.2617219132669045
    ],
    [
      -0.012009469688886425,
      0.03627208072196561,
      -0.03990834322100254,
      -0.00944652399517403,
      0.024024249434473132,
      0.0010765836027830003,
      0.0003503854751442045,
      -0.02323109707784212,
      -0.005111202033201484,
      0.04031713269466325,
      0.035106357110659105,
      -0.055653675347946484,
      0.8571073323925672,
      0.8080581012948846,
      0.618515626490589,
      0.04590739492810912,
      1.0,
      0.9329498614240607,
      0.5084770419492438,
      0.06398885951586794,
      0.9890434673435715,
      0.9273172959463409,
      0.4717676369367674,
      0.08025360705260429,
      0.760029333181595,
      0.7058064809196055,
      0.4487674344318987,
      -0.08823528330421831,
      0.6680442045348824,
      0.6351298767682931,
      0.5063567562318533,
      -0.07682146289142053,
      -0.07831283533711483,
      -0.09420266154603639,
      0.3580894010592726,
      0.09052604843982047,
      0.24177768242486833,
      0.2439492329934129,
      0.11375394906019631,
      0.10993699174323301,
      -0.07622894314812831,
      -0.09888827783212056,
      0.029235139084651845,
      -0.05348871446864836,
      -0.16551066275806517,
      -0.19895535359054736,
      -0.12925432042851456,
      -0.09384741563172419,
      -0.09850821712897884,
      -0.13189809350171022,
      -0.027739600277582474,
      -0.049776566294415465
    ],
    [
      -0.017535345109929528,
      -0.07806867448454216,
      -0.07736124107167067,
      -0.008860526619925422,
      0.02762889663571528,
      0.0005294411149166155,
      0.0015351999778060793,
      -0.03299100678248318,
      -0.0043501349503596645,
      0.06388523404781547,
      0.03340753624078408,
      -0.008765405776524833,
      0.7904742254110374,
      0.875030583193465,
      0.6281165512450578,
      -0.08467652322870918,
      0.9329498614240607,
      1.0,
      0.5268931171923279,
      -0.042199244963437334,
      0.9236710850121919,
      0.9909517280069444,
      0.49375528183279266,
      -0.008882324024871718,
      0.7512428740094702,
      0.7827916097382518,
      0.4952673445788681,
      -0.1692861274379071,
      0.6696073762865105,
      0.7245378689840914,
      0.5462003310064452,
      -0.1759298016536086,
      -0.09952657180805986,
      -0.13049450832179105,
      0.3452587914899595,
      0.18077518357488534,
      0.18563198806271441,
      0.21339051247222043,
      0.12856880495029,
      0.17572083576777503,
      0.042508249731963293,
      -0.021522518625418843,
      0.1048763650231371,
      -0.01523826756919249,
      -0.01659187855986424,
      -0.061445367260646394,
      -0.06676466169601315,
      -0.06267357508921992,
      0.01957228915624187,
      -0.031235854193743466,
      0.061931977360486876,
      -0.056913853048068765
    ],
    [
      -0.019829447773660695,
      0.039587900032902267,
      0.02341145881902365,
      0.022003608945114366,
      0.013888407170280911,
      -0.0006389303039228098,
      0.0002293917145609248,
      0.0005678222297431427,
      -0.0020748639962471067,
      0.03952603948318734,
      0.014622507727242615,
      -0.00930655272953991,
      0.7056579482027248,
      0.7386191572348023,
      0.9633142842708337,
      -0.10268808288705326,
      0.5084770419492438,
      0.5268931171923279,
      1.0,
      -0.0792619816686153,
      0.4429721950525139,
      0.4574096311887073,
      0.9928624043069852,
      -0.06565415821116073,
      0.5330561439050587,
      0.44616699676342253,
      0.8444457532413349,
      0.06436947050161333,
      0.5912765834486726,
      0.5516419502404879,
      0.8251618382128534,
      -0.014384699540988869,
      -0.3191134435139782,
      -0.4180505299734614,
      0.3701880422439597,
      0.11551796750205837,
      -0.16254021661691892,
      -0.20199654550538484,
      0.11517065291963086,
      -0.028826739986482178,
      -0.06082824043990894,
      -0.21467878653194322,
      -0.0288918267160227,
      -0.21890279161637288,
      -0.13381797195942852,
      -0.21473320907897786,
      -0.2190335293615867,
      -0.3501642665824829,
      -0.05835258171021568,
      -0.1955833713640032,
      -0.06895911360168952,
      -0.20060351101681193
    ],
    [
      0.03661230997199183,
      0.10277326124566795,
      0.09506401476130984,
      -0.00655240420426318,
      -0.026556162768724665,
      0.0012433281598230315,
      -0.00030393474142219003,
      0.030888921899567958,
      0.0026592428961289497,
      -0.06453976560286152,
      0.021055585572490675,
      -0.02175488709303338,
      0.06365724608565712,
      -0.09357135021181864,
      -0.049208154540794614,
      0.8731151023480405,
      0.06398885951586794,
      -0.042199244963437334,
      -0.0792619816686153,
      1.0,
      0.051470975660970225,
      -0.03457257487134516,
      -0.09486606263324039,
      0.9764049414283064,
      -0.06483844603352415,
      -0.02807276262342346,
      -0.1264268778427622,
      0.647540542808515,
      -0.06591318911722079,
      -0.08498374936492244,
      -0.11181101993757678,
      0.6589563165502558,
      0.07971630899720468,
      0.2543021775490717,
      0.030216209364117685,
      -0.38060905341803786,
      0.0453425640729532,
      0.09808660882089307,
      -0.0015083855857865498,
      0.0916440299503834,
      0.08395131763822837,
      0.251167406173801,
      0.10852548076726677,
      0.23406815770684614,
      0.0016766334803388137,
      0.06274708843599991,
      0.20023302610176352,
      0.37309582479656617,
      0.015176868782047603,
      0.1663976177354293,
      0.04897984716203544,
      0.2155634740276996
    ],
    [
      -0.012507660755507442,
      0.011079514478673684,
      -0.054708438968899896,
      -0.01323615281886124,
      0.03001553103665905,
      0.0009672871546836971,
      0.0010091320648036705,
      -0.027130052273091853,
      -0.005275490773405997,
      0.051357986647211654,
      0.02903430002425575,
      -0.05915144954287324,
      0.7847397207304189,
      0.7475428637494455,
      0.5567975714799481,
      0.021465744876582447,
      0.9890434673435715,
      0.9236710850121919,
      0.4429721950525139,
      0.051470975660970225,
      1.0,
      0.9360924253343397,
      0.4106006290792394,
      0.07778347160469984,
      0.725319047202051,
      0.6836082811013732,
      0.4037972562039139,
      -0.12568080452568467,
      0.6093976137461576,
      0.589528768345792,
      0.46269189011273276,
      -0.11031633023029457,
      0.016526275715313062,
      -0.014844084861015665,
      0.3685127469461727,
      0.11661303787440082,
      0.31735015906078085,
      0.3123059899896969,
      0.11337091395067643,
      0.13678966983732938,
      -0.06638469026392421,
      -0.08607838499184334,
      0.031204914371606156,
      -0.03991814000065004,
      -0.14066391974654313,
      -0.1718777187964026,
      -0.12544880123547278,
      -0.0818532536271559,
      -0.08360625475299824,
      -0.11629244344178996,
      -0.01782112362227286,
      -0.03735755665784378
    ],
    [
      -0.016478071634113387,
      -0.09176947156641285,
      -0.08441287855448741,
      -0.01310175864850058,
      0.029398960284036237,
      0.00047435025921417124,
      0.0017285597120229566,
      -0.0351074190864382,
      -0.004572665324563997,
      0.06615595814149279,
      0.029329343171212368,
      -0.014267533381295298,
      0.729540339099174,
      0.811852677156393,
      0.560980484871822,
      -0.07770701889437479,
      0.9273172959463409,
      0.9909517280069444,
      0.4574096311887073,
      -0.03457257487134516,
      0.9360924253343397,
      1.0,
      0.42772137720138653,
      0.0014525049342669946,
      0.7203971474527643,
      0.7697914117778195,
      0.44105233142412503,
      -0.19298973095920874,
      0.616425345465639,
      0.683605433211288,
      0.4946698468531259,
      -0.18806768935323884,
      -0.012465452580131351,
      -0.038035073332001644,
      0.3412662228267019,
      0.177288959652538,
      0.25376856388383967,
      0.2820378597111966,
      0.12268543899880321,
      0.18782563317317993,
      0.05044628254049384,
      0.00040819482492227086,
      0.1102714069210385,
      0.011363903753207427,
      0.0018466582580414321,
      -0.036023053146432275,
      -0.04502048535296016,
      -0.030170043108895962,
      0.028342229846621273,
      -0.012061637545646368,
      0.07225436194270109,
      -0.033046058750319664
    ],
    [
      -0.020122203259679217,
      0.019354590474896686,
      0.012888410000703631,
      0.018766018414056007,
      0.01882989286817495,
      -0.0008117291002605189,
      0.0006585162643412907,
      -0.0007908002869671906,
      -0.0017948310665105178,
      0.052388705733267885,
      0.00825237826287725,
      -0.008589971234201764,
      0.6704434850514103,
      0.707666733645844,
      0.9357712240382675,
      -0.12327659689897726,
      0.4717676369367674,
      0.49375528183279266,
      0.9928624043069852,
      -0.09486606263324039,
      0.4106006290792394,
      0.42772137720138653,
      1.0,
      -0.07785176669346651,
      0.5131758388636711,
      0.42634897461015614,
      0.8476552524600586,
      0.05226897575863611,
      0.5750966330295477,
      0.5350599068403644,
      0.8165599430587588,
      -0.02623802825989098,
      -0.3216800563756296,
      -0.41995749432074453,
      0.33302736619752626,
      0.12928974982784008,
      -0.18105110902934507,
      -0.2195002597738492,
      0.1201386150414349,
      -0.019461899399874066,
      -0.039519428054698075,
      -0.20297737449736572,
      -0.018948393513496364,
      -0.22484576140801388,
      -0.1043495345853361,
      -0.18751013290949425,
      -0.21255845282219005,
      -0.35433105087393263,
      -0.027895702628417725,
      -0.17391192920305118,
      -0.04441811480661419,
      -0.21111791374411612
    ],
    [
      0.032699873815584146,
      0.01230451776031891,
      0.04459555829705212,
      -0.00223596946764969,
      -0.015863800865017385,
      0.0008299468763554462,
      0.0022005518874579017,
      0.02037676688648022,
      0.0034753083658968795,
      -0.019902841053472963,
      0.007772723360246134,
      -0.011166923281315185,
      0.05960326692918935,
      -0.06605853583257472,
      -0.028054369305879436,
      0.7588923714627954,
      0.08025360705260429,
      -0.008882324024871718,
      -0.06565415821116073,
      0.9764049414283064,
      0.07778347160469984,
      0.0014525049342669946,
      -0.07785176669346651,
      1.0,
      -0.04007956499657163,
      -0.008217795459929863,
      -0.0916496852926328,
      0.5594685770815906,
      -0.03810703075715462,
      -0.05371701930857484,
      -0.07976983496018808,
      0.536986652742981,
      0.06526727016492015,
      0.21280511552189793,
      0.054020869521068375,
      -0.2072763933355593,
      0.02717136244366547,
      0.07229122889811547,
      0.02493683950380489,
      0.25253271842290487,
      0.14417073894642612,
      0.27418647721784556,
      0.14474354578713053,
      0.221700603849905,
      0.07632654886425319,
      0.1189673963114419,
      0.18533596142678105,
      0.3512281147691842,
      0.08672937133623146,
      0.2088990300540357,
      0.10207387191912974,
      0.1879048407223637
    ],
    [
      -0.014781310009392397,
      -0.14542224395335468,
      -0.07543062485925521,
      0.001995770751239243,
      0.017002816684115334,
      6.435043820285626e-05,
      -0.0006546825936158913,
      -0.0328625874129923,
      -0.004510798905940919,
      0.07085848453154923,
      0.015656419681661267,
      -0.02148242975275365,
      0.7918096820490267,
      0.7922167187639934,
      0.586112308351112,
      -0.10234753235478483,
      0.760029333181595,
      0.7512428740094702,
      0.5330561439050587,
      -0.06483844603352415,
      0.725319047202051,
      0.7203971474527643,
      0.5131758388636711,
      -0.04007956499657163,
      1.0,
      0.9123388864952394,
      0.5480742673820583,
      -0.04216571087956417,
      0.9483784125656902,
      0.903577244774577,
      0.5963486282353769,
      -0.08479754438748835,
      -0.36789310869509984,
      -0.38249967832912307,
      0.10570986642778424,
      0.21104486179933543,
      -0.2785038411285341,
      -0.2797675796818231,
      -0.01836367125107269,
      0.11204044839755183,
      0.03219506781716465,
      -0.0685258367794846,
      0.07708242283667797,
      -0.09362456486351253,
      -0.00606062382719673,
      -0.05697056432072893,
      -0.10237919456454353,
      -0.17207500187056618,
      0.03985900914322495,
      -0.05173360120322084,
      0.057626521809805174,
      -0.10701053516522809
    ],
    [
      -0.003504908344756923,
      -0.21785452231256291,
      -0.06400480708437205,
      -0.00471062103467315,
      -0.0007578340413394552,
      -0.0003316731011496444,
      -0.00019558820062079402,
      -0.028339012038713977,
      -0.0028494675974416717,
      0.04773556255831946,
      0.008359976959284617,
      0.0084507246934855,
      0.6739615938460706,
      0.7450036826128416,
      0.4952221809619357,
      -0.0612003577623816,
      0.7058064809196055,
      0.7827916097382518,
      0.44616699676342253,
      -0.02807276262342346,
      0.6836082811013732,
      0.7697914117778195,
      0.42634897461015614,
      -0.008217795459929863,
      0.9123388864952394,
      1.0,
      0.48088348342166726,
      -0.1285860552310007,
      0.8426466380410588,
      0.9424518178756447,
      0.5419803556743703,
      -0.13212286433105583,
      -0.23186456023625743,
      -0.19044107583754688,
      0.10100109860224256,
      0.16149951638062243,
      -0.20678279121726104,
      -0.20477291388979055,
      -0.031460766526939625,
      0.16060033671913387,
      0.13945515200063824,
      0.08974092548640443,
      0.19278613777291723,
      0.07510524176157084,
      0.10747866448316251,
      0.08333831844414291,
      0.07411101693899341,
      0.039723718007297584,
      0.11440466755922823,
      0.08158353314255738,
      0.1592887629156557,
      0.015633020826667447
    ],
    [
      -0.018704176049882712,
      -0.0687288950798571,
      -0.01853705682575754,
      0.01350816045244446,
      0.027492054690322044,
      -0.0009716840312406987,
      -8.38232065913552e-05,
      -0.0059675660870849665,
      -0.0017637802222514815,
      0.05489236279528253,
      0.012671694034094193,
      0.0423946093932126,
      0.5779727092268625,
      0.6526054209312055,
      0.8199525896197677,
      -0.18786606944697726,
      0.4487674344318987,
      0.4952673445788681,
      0.8444457532413349,
      -0.1264268778427622,
      0.4037972562039139,
      0.44105233142412503,
      0.8476552524600586,
      -0.0916496852926328,
      0.5480742673820583,
      0.48088348342166726,
      1.0,
      0.014370641281297966,
      0.6140652588571608,
      0.6026387642713082,
      0.9633064460469583,
      -0.08153543493690987,
      -0.2508334236429613,
      -0.3703928978666485,
      0.35484838120054124,
      0.2035673882234719,
      -0.1353395431833037,
      -0.18245004803799497,
      0.19663310396931785,
      0.049958612141827036,
      -0.012382951834907672,
      -0.18326841911996633,
      -0.029193873723194097,
      -0.1608152285225976,
      0.015771443495108034,
      -0.06497965640013403,
      -0.19793653379217516,
      -0.30149068169069093,
      0.02128353259935345,
      -0.126390032034321,
      -0.01966843087457347,
      -0.1480057105734622
    ],
    [
      0.009094065319813624,
      0.2701239441888518,
      0.15947117021204255,
      0.003814561598947006,
      -0.023907328314073262,
      0.0019025591238003361,
      -0.005856781024902559,
      0.032563323424276154,
